Reporte de ejecución de implementación SAT zchaff 
Instancia número 1
Entrada: 
[[0 4 0 0 0 0 1 7 9]
 [0 0 2 0 0 8 0 5 4]
 [0 0 6 0 0 5 0 0 8]
 [0 8 0 0 7 0 9 1 0]
 [0 5 0 0 9 0 0 3 0]
 [0 1 9 0 6 0 0 4 0]
 [3 0 0 4 0 0 7 0 0]
 [5 7 0 1 0 0 2 0 0]
 [9 2 8 0 0 0 0 6 0]]
Salida: 
[[8 4 5 6 3 2 1 7 9]
 [7 3 2 9 1 8 6 5 4]
 [1 9 6 7 4 5 3 2 8]
 [6 8 3 5 7 4 9 1 2]
 [4 5 7 2 9 1 8 3 6]
 [2 1 9 8 6 3 5 4 7]
 [3 6 1 4 2 9 7 8 5]
 [5 7 4 1 8 6 2 9 3]
 [9 2 8 3 5 7 4 6 1]]
Tiempo de ejecución: 98.11ms 
Instancia número 2
Entrada: 
[[8 0 2 0 5 0 7 0 1]
 [0 0 7 0 8 2 4 6 0]
 [0 1 0 9 0 0 0 0 0]
 [6 0 0 0 0 1 8 3 2]
 [5 0 0 0 0 0 0 0 9]
 [1 8 4 3 0 0 0 0 6]
 [0 0 0 0 0 4 0 2 0]
 [0 9 5 6 1 0 3 0 0]
 [3 0 8 0 9 0 6 0 7]]
Salida: 
[[8 3 2 4 5 6 7 9 1]
 [9 5 7 1 8 2 4 6 3]
 [4 1 6 9 7 3 2 5 8]
 [6 7 9 5 4 1 8 3 2]
 [5 2 3 7 6 8 1 4 9]
 [1 8 4 3 2 9 5 7 6]
 [7 6 1 8 3 4 9 2 5]
 [2 9 5 6 1 7 3 8 4]
 [3 4 8 2 9 5 6 1 7]]
Tiempo de ejecución: 12.33ms 
Instancia número 3
Entrada: 
[[0 0 0 0 0 0 0 0 7]
 [7 2 0 3 0 9 0 0 1]
 [0 0 8 7 0 5 0 6 0]
 [5 0 2 8 9 0 0 0 0]
 [0 4 0 5 0 1 0 9 0]
 [0 0 0 0 6 3 7 0 5]
 [0 3 0 9 0 6 1 0 0]
 [2 0 0 1 0 7 0 5 3]
 [9 0 0 0 0 0 0 0 0]]
Salida: 
[[4 9 5 6 1 8 2 3 7]
 [7 2 6 3 4 9 5 8 1]
 [3 1 8 7 2 5 4 6 9]
 [5 7 2 8 9 4 3 1 6]
 [6 4 3 5 7 1 8 9 2]
 [1 8 9 2 6 3 7 4 5]
 [8 3 7 9 5 6 1 2 4]
 [2 6 4 1 8 7 9 5 3]
 [9 5 1 4 3 2 6 7 8]]
Tiempo de ejecución: 11.28ms 
Instancia número 4
Entrada: 
[[2 0 6 0 0 0 0 4 9]
 [0 3 7 0 0 9 0 0 0]
 [1 0 0 7 0 0 0 0 6]
 [0 0 0 5 8 0 9 0 0]
 [7 0 5 0 0 0 8 0 4]
 [0 0 9 0 6 2 0 0 0]
 [9 0 0 0 0 4 0 0 1]
 [0 0 0 3 0 0 4 9 0]
 [4 1 0 0 0 0 2 0 8]]
Salida: 
[[2 5 6 8 3 1 7 4 9]
 [8 3 7 6 4 9 5 1 2]
 [1 9 4 7 2 5 3 8 6]
 [6 4 1 5 8 7 9 2 3]
 [7 2 5 1 9 3 8 6 4]
 [3 8 9 4 6 2 1 7 5]
 [9 7 8 2 5 4 6 3 1]
 [5 6 2 3 1 8 4 9 7]
 [4 1 3 9 7 6 2 5 8]]
Tiempo de ejecución: 16.72ms 
Instancia número 5
Entrada: 
[[0 2 5 0 0 7 0 0 4]
 [0 0 1 0 0 5 0 2 0]
 [7 0 0 0 2 0 5 0 0]
 [5 0 9 0 0 4 8 0 0]
 [0 0 0 0 0 0 0 0 0]
 [0 0 7 5 0 0 6 0 9]
 [0 0 3 0 7 0 0 0 6]
 [0 4 0 1 0 0 7 0 0]
 [8 0 0 2 0 0 9 1 0]]
Salida: 
[[3 2 5 8 6 7 1 9 4]
 [6 8 1 4 9 5 3 2 7]
 [7 9 4 3 2 1 5 6 8]
 [5 3 9 6 1 4 8 7 2]
 [2 6 8 7 3 9 4 5 1]
 [4 1 7 5 8 2 6 3 9]
 [1 5 3 9 7 8 2 4 6]
 [9 4 2 1 5 6 7 8 3]
 [8 7 6 2 4 3 9 1 5]]
Tiempo de ejecución: 20.06ms 
Instancia número 6
Entrada: 
[[0 0 1 7 2 5 0 0 0]
 [0 8 0 0 1 0 0 0 6]
 [2 5 0 0 0 0 1 3 0]
 [0 7 0 0 0 0 5 0 0]
 [0 0 0 1 0 6 0 0 0]
 [0 0 9 0 0 0 0 8 0]
 [0 4 5 0 0 0 0 2 9]
 [7 0 0 0 9 0 0 6 0]
 [0 0 0 6 4 8 3 0 0]]
Salida: 
[[3 6 1 7 2 5 9 4 8]
 [9 8 7 4 1 3 2 5 6]
 [2 5 4 8 6 9 1 3 7]
 [8 7 6 9 3 4 5 1 2]
 [5 2 3 1 8 6 7 9 4]
 [4 1 9 2 5 7 6 8 3]
 [6 4 5 3 7 1 8 2 9]
 [7 3 8 5 9 2 4 6 1]
 [1 9 2 6 4 8 3 7 5]]
Tiempo de ejecución: 16.69ms 
Instancia número 7
Entrada: 
[[0 5 0 2 0 0 0 0 0]
 [3 0 0 0 0 5 0 8 0]
 [9 6 0 0 7 8 2 0 0]
 [0 0 0 0 3 0 0 2 0]
 [7 0 8 0 0 0 1 0 3]
 [0 4 0 0 8 0 0 0 0]
 [0 0 1 6 4 0 0 3 2]
 [0 7 0 5 0 0 0 0 1]
 [0 0 0 0 0 9 0 5 0]]
Salida: 
[[8 5 7 2 6 1 3 9 4]
 [3 1 2 4 9 5 7 8 6]
 [9 6 4 3 7 8 2 1 5]
 [1 9 5 7 3 4 6 2 8]
 [7 2 8 9 5 6 1 4 3]
 [6 4 3 1 8 2 5 7 9]
 [5 8 1 6 4 7 9 3 2]
 [4 7 9 5 2 3 8 6 1]
 [2 3 6 8 1 9 4 5 7]]
Tiempo de ejecución: 17.68ms 
Instancia número 8
Entrada: 
[[0 0 1 7 2 5 0 0 0]
 [0 8 0 0 1 0 0 0 0]
 [2 5 0 0 0 0 1 3 0]
 [0 7 0 0 0 0 5 0 0]
 [0 0 0 1 8 6 0 0 0]
 [0 0 9 0 0 0 0 8 0]
 [0 4 5 0 0 0 0 2 9]
 [0 0 0 0 9 0 0 6 0]
 [0 0 0 6 4 8 3 0 0]]
Salida: 
[[3 6 1 7 2 5 9 4 8]
 [9 8 7 4 1 3 2 5 6]
 [2 5 4 8 6 9 1 3 7]
 [8 7 6 9 3 4 5 1 2]
 [5 2 3 1 8 6 7 9 4]
 [4 1 9 2 5 7 6 8 3]
 [6 4 5 3 7 1 8 2 9]
 [7 3 8 5 9 2 4 6 1]
 [1 9 2 6 4 8 3 7 5]]
Tiempo de ejecución: 19.79ms 
Instancia número 9
Entrada: 
[[8 0 0 2 0 0 0 4 6]
 [0 0 7 9 0 0 0 0 0]
 [1 0 0 0 0 0 5 0 0]
 [0 0 0 5 0 0 0 3 2]
 [4 0 8 0 0 0 7 0 1]
 [3 2 0 0 0 7 0 0 0]
 [0 0 6 0 0 0 0 0 9]
 [0 0 0 0 0 3 2 0 0]
 [2 8 0 0 0 6 0 0 3]]
Salida: 
[[8 9 3 2 7 5 1 4 6]
 [6 5 7 9 4 1 3 2 8]
 [1 4 2 6 3 8 5 9 7]
 [9 7 1 5 8 4 6 3 2]
 [4 6 8 3 2 9 7 5 1]
 [3 2 5 1 6 7 9 8 4]
 [5 3 6 4 1 2 8 7 9]
 [7 1 4 8 9 3 2 6 5]
 [2 8 9 7 5 6 4 1 3]]
Tiempo de ejecución: 15.74ms 
Instancia número 10
Entrada: 
[[0 0 0 0 5 4 3 0 6]
 [0 0 0 0 0 3 2 7 0]
 [0 0 0 7 2 0 0 0 1]
 [9 0 0 0 7 0 0 5 3]
 [0 0 0 0 0 0 0 0 0]
 [8 2 0 0 1 0 0 0 9]
 [3 0 0 0 6 1 0 0 0]
 [0 4 6 9 0 0 0 0 0]
 [7 0 1 5 4 0 0 0 0]]
Salida: 
[[1 7 2 8 5 4 3 9 6]
 [4 6 8 1 9 3 2 7 5]
 [5 3 9 7 2 6 4 8 1]
 [9 1 4 6 7 2 8 5 3]
 [6 5 7 3 8 9 1 2 4]
 [8 2 3 4 1 5 7 6 9]
 [3 8 5 2 6 1 9 4 7]
 [2 4 6 9 3 7 5 1 8]
 [7 9 1 5 4 8 6 3 2]]
Tiempo de ejecución: 11.78ms 
Instancia número 11
Entrada: 
[[0 5 0 0 9 0 0 0 0]
 [0 0 4 8 0 0 0 0 9]
 [0 0 0 1 0 7 2 8 0]
 [5 6 0 0 0 0 1 3 7]
 [0 0 0 0 0 0 0 0 0]
 [1 7 3 0 0 0 0 4 2]
 [0 2 1 5 0 8 0 0 0]
 [6 0 0 0 0 3 8 0 0]
 [0 0 0 0 1 0 0 6 0]]
Salida: 
[[8 5 7 3 9 2 4 1 6]
 [2 1 4 8 5 6 3 7 9]
 [9 3 6 1 4 7 2 8 5]
 [5 6 8 4 2 9 1 3 7]
 [4 9 2 7 3 1 6 5 8]
 [1 7 3 6 8 5 9 4 2]
 [3 2 1 5 6 8 7 9 4]
 [6 4 5 9 7 3 8 2 1]
 [7 8 9 2 1 4 5 6 3]]
Tiempo de ejecución: 17.97ms 
Instancia número 12
Entrada: 
[[0 0 0 4 0 0 7 0 2]
 [0 6 4 0 0 0 0 5 0]
 [1 0 0 0 0 7 0 0 9]
 [2 1 0 0 0 8 0 0 3]
 [0 0 0 0 5 0 0 0 0]
 [8 0 0 1 0 0 0 7 5]
 [9 0 0 7 0 0 0 0 8]
 [0 8 0 0 0 0 9 2 0]
 [5 0 7 0 0 2 0 0 0]]
Salida: 
[[3 5 9 4 8 1 7 6 2]
 [7 6 4 9 2 3 8 5 1]
 [1 2 8 5 6 7 3 4 9]
 [2 1 5 6 7 8 4 9 3]
 [4 7 3 2 5 9 1 8 6]
 [8 9 6 1 3 4 2 7 5]
 [9 4 2 7 1 6 5 3 8]
 [6 8 1 3 4 5 9 2 7]
 [5 3 7 8 9 2 6 1 4]]
Tiempo de ejecución: 14.84ms 
Instancia número 13
Entrada: 
[[1 0 5 0 0 0 3 7 0]
 [0 0 0 0 0 0 2 0 0]
 [0 9 7 3 0 0 0 1 0]
 [0 0 0 0 5 3 1 0 2]
 [3 0 0 8 0 1 0 0 4]
 [2 0 1 4 7 0 0 0 0]
 [0 7 0 0 0 8 6 4 0]
 [0 0 8 0 0 0 0 0 0]
 [0 1 2 0 0 0 8 0 7]]
Salida: 
[[1 2 5 6 4 9 3 7 8]
 [8 3 4 7 1 5 2 9 6]
 [6 9 7 3 8 2 4 1 5]
 [7 4 6 9 5 3 1 8 2]
 [3 5 9 8 2 1 7 6 4]
 [2 8 1 4 7 6 9 5 3]
 [5 7 3 2 9 8 6 4 1]
 [4 6 8 1 3 7 5 2 9]
 [9 1 2 5 6 4 8 3 7]]
Tiempo de ejecución: 15.87ms 
Instancia número 14
Entrada: 
[[0 0 1 3 0 0 7 0 2]
 [0 0 6 2 0 0 0 1 0]
 [0 2 0 0 0 0 0 0 4]
 [2 0 0 6 0 1 3 0 9]
 [0 0 0 0 0 0 0 0 0]
 [4 0 3 8 0 9 0 0 7]
 [1 0 0 0 0 0 0 8 0]
 [0 5 0 0 0 6 4 0 0]
 [9 0 4 0 0 8 5 0 0]]
Salida: 
[[8 4 1 3 6 5 7 9 2]
 [7 3 6 2 9 4 8 1 5]
 [5 2 9 1 8 7 6 3 4]
 [2 8 5 6 7 1 3 4 9]
 [6 9 7 4 3 2 1 5 8]
 [4 1 3 8 5 9 2 6 7]
 [1 7 2 5 4 3 9 8 6]
 [3 5 8 9 2 6 4 7 1]
 [9 6 4 7 1 8 5 2 3]]
Tiempo de ejecución: 93.33ms 
Instancia número 15
Entrada: 
[[0 0 1 7 2 5 0 0 0]
 [0 8 0 0 1 0 0 0 0]
 [2 5 0 0 0 0 1 3 0]
 [0 7 0 0 0 0 5 0 0]
 [0 0 0 1 0 6 0 0 0]
 [0 0 9 0 0 0 0 8 0]
 [0 4 5 0 0 0 0 2 9]
 [0 0 0 0 9 0 0 6 0]
 [0 0 0 6 4 8 3 0 0]]
Salida: 
[[3 6 1 7 2 5 9 4 8]
 [9 8 7 4 1 3 2 5 6]
 [2 5 4 8 6 9 1 3 7]
 [8 7 6 9 3 4 5 1 2]
 [5 2 3 1 8 6 7 9 4]
 [4 1 9 2 5 7 6 8 3]
 [6 4 5 3 7 1 8 2 9]
 [7 3 8 5 9 2 4 6 1]
 [1 9 2 6 4 8 3 7 5]]
Tiempo de ejecución: 87.37ms 
Instancia número 16
Entrada: 
[[0 0 8 0 6 0 9 0 0]
 [0 0 0 2 0 3 6 7 8]
 [7 0 6 0 5 1 0 0 4]
 [9 7 3 0 4 8 1 0 0]
 [6 2 0 0 3 9 0 5 0]
 [0 0 1 7 0 0 0 0 0]
 [5 8 0 9 0 0 3 0 6]
 [0 0 0 0 0 0 0 0 0]
 [0 4 0 0 0 5 7 2 1]]
Salida: 
[[2 3 8 4 6 7 9 1 5]
 [4 1 5 2 9 3 6 7 8]
 [7 9 6 8 5 1 2 3 4]
 [9 7 3 5 4 8 1 6 2]
 [6 2 4 1 3 9 8 5 7]
 [8 5 1 7 2 6 4 9 3]
 [5 8 7 9 1 2 3 4 6]
 [1 6 2 3 7 4 5 8 9]
 [3 4 9 6 8 5 7 2 1]]
Tiempo de ejecución: 18.45ms 
Instancia número 17
Entrada: 
[[3 0 2 0 6 5 0 4 7]
 [0 5 0 0 3 4 1 8 2]
 [0 9 0 1 7 0 0 6 0]
 [2 0 6 0 9 0 3 0 8]
 [1 0 0 0 0 0 2 7 0]
 [0 8 9 5 0 3 4 0 0]
 [4 7 0 3 0 0 0 0 5]
 [0 0 0 6 4 8 0 9 1]
 [0 0 0 2 0 0 0 0 0]]
Salida: 
[[3 1 2 8 6 5 9 4 7]
 [6 5 7 9 3 4 1 8 2]
 [8 9 4 1 7 2 5 6 3]
 [2 4 6 7 9 1 3 5 8]
 [1 3 5 4 8 6 2 7 9]
 [7 8 9 5 2 3 4 1 6]
 [4 7 8 3 1 9 6 2 5]
 [5 2 3 6 4 8 7 9 1]
 [9 6 1 2 5 7 8 3 4]]
Tiempo de ejecución: 10.4ms 
Instancia número 18
Entrada: 
[[0 7 1 0 3 9 0 0 0]
 [4 6 0 0 7 5 0 1 0]
 [8 3 0 0 6 0 7 0 2]
 [0 4 2 0 0 0 0 5 8]
 [6 0 0 0 0 0 9 7 0]
 [0 1 0 5 0 0 0 0 4]
 [0 0 0 0 0 8 4 6 9]
 [7 9 0 3 4 2 0 0 0]
 [5 0 0 0 0 1 3 0 0]]
Salida: 
[[2 7 1 8 3 9 5 4 6]
 [4 6 9 2 7 5 8 1 3]
 [8 3 5 1 6 4 7 9 2]
 [3 4 2 9 1 7 6 5 8]
 [6 5 8 4 2 3 9 7 1]
 [9 1 7 5 8 6 2 3 4]
 [1 2 3 7 5 8 4 6 9]
 [7 9 6 3 4 2 1 8 5]
 [5 8 4 6 9 1 3 2 7]]
Tiempo de ejecución: 10.66ms 
Instancia número 19
Entrada: 
[[0 0 0 0 4 0 0 0 9]
 [0 0 0 7 0 0 0 0 0]
 [0 0 1 0 0 0 6 0 0]
 [0 1 3 6 9 0 4 0 0]
 [0 0 0 0 0 0 0 0 8]
 [0 0 0 5 2 8 0 0 0]
 [0 6 7 1 8 0 0 0 0]
 [0 0 0 0 0 0 9 0 2]
 [9 5 4 0 3 0 0 1 0]]
Salida: 
[[6 7 2 8 4 1 3 5 9]
 [4 9 5 7 6 3 2 8 1]
 [3 8 1 9 5 2 6 7 4]
 [8 1 3 6 9 7 4 2 5]
 [5 2 6 3 1 4 7 9 8]
 [7 4 9 5 2 8 1 3 6]
 [2 6 7 1 8 9 5 4 3]
 [1 3 8 4 7 5 9 6 2]
 [9 5 4 2 3 6 8 1 7]]
Tiempo de ejecución: 10.59ms 
Instancia número 20
Entrada: 
[[0 0 2 0 0 4 0 0 0]
 [0 0 8 6 0 0 0 0 0]
 [0 9 0 0 0 0 0 3 0]
 [8 0 0 0 6 2 0 0 0]
 [1 4 0 0 3 0 5 0 9]
 [0 7 0 0 0 0 0 0 0]
 [0 3 5 0 0 8 6 0 7]
 [0 0 0 0 0 0 0 4 2]
 [0 0 0 9 0 1 0 0 3]]
Salida: 
[[3 6 2 7 9 4 1 8 5]
 [5 1 8 6 2 3 7 9 4]
 [4 9 7 1 8 5 2 3 6]
 [8 5 9 4 6 2 3 7 1]
 [1 4 6 8 3 7 5 2 9]
 [2 7 3 5 1 9 4 6 8]
 [9 3 5 2 4 8 6 1 7]
 [7 8 1 3 5 6 9 4 2]
 [6 2 4 9 7 1 8 5 3]]
Tiempo de ejecución: 11.32ms 
Instancia número 21
Entrada: 
[[6 7 0 0 0 8 0 1 0]
 [0 2 0 0 6 0 0 0 0]
 [0 0 0 0 3 0 0 0 0]
 [2 0 1 0 0 0 0 0 6]
 [4 8 0 0 0 1 7 0 0]
 [0 0 0 0 0 0 0 0 9]
 [0 0 4 5 0 0 0 0 0]
 [0 0 0 0 0 0 3 0 0]
 [0 0 3 4 0 0 8 0 2]]
Salida: 
[[6 7 5 9 4 8 2 1 3]
 [3 2 8 1 6 5 9 7 4]
 [1 4 9 7 3 2 5 6 8]
 [2 9 1 3 5 7 4 8 6]
 [4 8 6 2 9 1 7 3 5]
 [5 3 7 6 8 4 1 2 9]
 [8 1 4 5 2 3 6 9 7]
 [9 5 2 8 7 6 3 4 1]
 [7 6 3 4 1 9 8 5 2]]
Tiempo de ejecución: 18.03ms 
Instancia número 22
Entrada: 
[[0 0 0 0 0 0 0 0 0]
 [1 0 0 0 4 0 0 7 0]
 [7 0 0 5 0 0 0 2 0]
 [0 1 7 6 0 0 5 0 0]
 [0 6 0 0 0 0 3 0 0]
 [0 0 0 8 0 2 6 0 0]
 [0 0 0 9 0 0 0 4 5]
 [0 0 9 2 0 8 0 0 0]
 [0 0 8 0 3 0 0 0 0]]
Salida: 
[[3 8 4 7 2 9 1 5 6]
 [1 2 5 3 4 6 9 7 8]
 [7 9 6 5 8 1 4 2 3]
 [4 1 7 6 9 3 5 8 2]
 [8 6 2 4 1 5 3 9 7]
 [9 5 3 8 7 2 6 1 4]
 [2 3 1 9 6 7 8 4 5]
 [6 4 9 2 5 8 7 3 1]
 [5 7 8 1 3 4 2 6 9]]
Tiempo de ejecución: 11.82ms 
Instancia número 23
Entrada: 
[[0 0 7 0 0 1 4 0 0]
 [0 6 0 0 0 0 0 0 0]
 [2 0 5 0 0 0 0 0 0]
 [0 0 1 7 6 0 0 5 8]
 [0 0 0 0 3 0 0 0 0]
 [0 9 0 2 0 4 0 0 0]
 [0 3 0 0 5 0 0 0 9]
 [0 0 4 0 0 0 6 0 0]
 [0 5 0 0 8 0 7 2 1]]
Salida: 
[[9 8 7 5 2 1 4 6 3]
 [4 6 3 9 7 8 5 1 2]
 [2 1 5 3 4 6 9 8 7]
 [3 4 1 7 6 9 2 5 8]
 [7 2 6 8 3 5 1 9 4]
 [5 9 8 2 1 4 3 7 6]
 [1 3 2 6 5 7 8 4 9]
 [8 7 4 1 9 2 6 3 5]
 [6 5 9 4 8 3 7 2 1]]
Tiempo de ejecución: 18.31ms 
Instancia número 24
Entrada: 
[[9 0 3 0 0 0 0 2 4]
 [0 0 7 0 9 4 0 0 0]
 [0 0 1 0 0 6 0 3 0]
 [0 6 4 0 0 8 0 0 0]
 [0 0 0 0 0 0 0 4 0]
 [0 0 0 9 0 0 0 5 0]
 [0 0 0 0 0 3 7 0 0]
 [5 0 0 0 0 0 1 0 0]
 [0 8 0 0 6 0 0 0 0]]
Salida: 
[[9 5 3 7 8 1 6 2 4]
 [6 2 7 3 9 4 5 1 8]
 [8 4 1 2 5 6 9 3 7]
 [3 6 4 5 1 8 2 7 9]
 [2 9 5 6 3 7 8 4 1]
 [1 7 8 9 4 2 3 5 6]
 [4 1 9 8 2 3 7 6 5]
 [5 3 6 4 7 9 1 8 2]
 [7 8 2 1 6 5 4 9 3]]
Tiempo de ejecución: 13.11ms 
Instancia número 25
Entrada: 
[[0 4 0 0 0 0 0 0 0]
 [8 0 6 0 0 0 0 0 7]
 [5 0 0 0 0 0 1 0 0]
 [0 0 5 1 9 0 0 6 0]
 [0 0 4 0 5 0 0 0 0]
 [0 0 0 3 0 0 0 9 1]
 [0 0 0 0 0 2 4 3 6]
 [0 9 0 0 0 0 0 0 0]
 [0 0 0 0 0 8 0 2 0]]
Salida: 
[[1 4 9 7 2 5 6 8 3]
 [8 2 6 4 3 1 9 5 7]
 [5 7 3 8 6 9 1 4 2]
 [3 8 5 1 9 7 2 6 4]
 [9 1 4 2 5 6 3 7 8]
 [2 6 7 3 8 4 5 9 1]
 [7 5 8 9 1 2 4 3 6]
 [4 9 2 6 7 3 8 1 5]
 [6 3 1 5 4 8 7 2 9]]
Tiempo de ejecución: 13.93ms 
Instancia número 26
Entrada: 
[[0 9 0 3 8 4 0 0 0]
 [0 0 2 0 7 0 0 0 0]
 [0 0 0 0 0 0 0 7 1]
 [5 0 0 0 0 3 2 4 0]
 [0 3 0 0 0 0 0 0 0]
 [0 0 1 0 0 5 0 9 0]
 [0 0 0 8 0 0 0 0 0]
 [7 0 6 5 2 0 0 0 0]
 [0 0 0 0 0 6 4 0 0]]
Salida: 
[[1 9 7 3 8 4 5 6 2]
 [8 5 2 6 7 1 9 3 4]
 [4 6 3 9 5 2 8 7 1]
 [5 8 9 7 1 3 2 4 6]
 [6 3 4 2 9 8 7 1 5]
 [2 7 1 4 6 5 3 9 8]
 [3 1 5 8 4 7 6 2 9]
 [7 4 6 5 2 9 1 8 3]
 [9 2 8 1 3 6 4 5 7]]
Tiempo de ejecución: 12.02ms 
Instancia número 27
Entrada: 
[[0 2 7 0 0 0 8 0 0]
 [0 0 1 0 0 0 7 0 0]
 [0 0 0 4 0 0 0 0 0]
 [3 0 0 0 0 0 0 8 0]
 [0 5 0 0 0 0 0 0 9]
 [0 7 0 0 2 8 0 0 0]
 [0 9 0 0 6 7 0 0 0]
 [5 8 0 0 0 0 0 3 0]
 [0 0 0 0 4 0 0 5 6]]
Salida: 
[[9 2 7 1 3 6 8 4 5]
 [6 4 1 9 8 5 7 2 3]
 [8 3 5 4 7 2 6 9 1]
 [3 6 4 7 5 9 1 8 2]
 [2 5 8 6 1 4 3 7 9]
 [1 7 9 3 2 8 5 6 4]
 [4 9 3 5 6 7 2 1 8]
 [5 8 6 2 9 1 4 3 7]
 [7 1 2 8 4 3 9 5 6]]
Tiempo de ejecución: 10.55ms 
Instancia número 28
Entrada: 
[[0 0 2 0 0 0 5 0 0]
 [0 1 0 7 0 5 0 2 0]
 [4 0 0 0 9 0 0 0 7]
 [0 4 9 0 0 0 7 3 0]
 [8 0 1 0 3 0 4 0 9]
 [0 3 6 0 0 0 2 1 0]
 [2 0 0 0 8 0 0 0 4]
 [0 8 0 9 0 2 0 6 0]
 [0 0 7 0 0 0 8 0 0]]
Salida: 
[[9 7 2 8 6 3 5 4 1]
 [6 1 8 7 4 5 9 2 3]
 [4 5 3 2 9 1 6 8 7]
 [5 4 9 1 2 8 7 3 6]
 [8 2 1 6 3 7 4 5 9]
 [7 3 6 4 5 9 2 1 8]
 [2 9 5 3 8 6 1 7 4]
 [1 8 4 9 7 2 3 6 5]
 [3 6 7 5 1 4 8 9 2]]
Tiempo de ejecución: 10.04ms 
Instancia número 29
Entrada: 
[[0 5 0 0 1 0 0 4 0]
 [1 0 7 0 0 0 6 0 2]
 [0 0 0 9 0 5 0 0 0]
 [2 0 8 0 3 0 5 0 1]
 [0 4 0 0 7 0 0 2 0]
 [9 0 1 0 8 0 4 0 6]
 [0 0 0 4 0 1 0 0 0]
 [3 0 4 0 0 0 7 0 9]
 [0 2 0 0 6 0 0 1 0]]
Salida: 
[[8 5 2 7 1 6 9 4 3]
 [1 9 7 8 4 3 6 5 2]
 [4 6 3 9 2 5 1 8 7]
 [2 7 8 6 3 4 5 9 1]
 [6 4 5 1 7 9 3 2 8]
 [9 3 1 5 8 2 4 7 6]
 [7 8 6 4 9 1 2 3 5]
 [3 1 4 2 5 8 7 6 9]
 [5 2 9 3 6 7 8 1 4]]
Tiempo de ejecución: 16.64ms 
Instancia número 30
Entrada: 
[[0 0 0 6 0 2 0 0 0]
 [4 0 0 0 5 0 0 0 1]
 [0 8 5 0 1 0 6 2 0]
 [0 3 8 2 0 6 7 1 0]
 [0 0 0 0 0 0 0 0 0]
 [0 1 9 4 0 7 3 5 0]
 [0 2 6 0 4 0 5 3 0]
 [9 0 0 0 2 0 0 0 7]
 [0 0 0 8 0 9 0 0 0]]
Salida: 
[[1 9 3 6 7 2 4 8 5]
 [4 6 2 3 5 8 9 7 1]
 [7 8 5 9 1 4 6 2 3]
 [5 3 8 2 9 6 7 1 4]
 [6 7 4 1 3 5 2 9 8]
 [2 1 9 4 8 7 3 5 6]
 [8 2 6 7 4 1 5 3 9]
 [9 4 1 5 2 3 8 6 7]
 [3 5 7 8 6 9 1 4 2]]
Tiempo de ejecución: 11.72ms 
Instancia número 31
Entrada: 
[[0 0 0 0 0 0 0 0 0]
 [0 7 9 0 5 0 1 8 0]
 [8 0 0 0 0 0 0 0 7]
 [0 0 7 3 0 6 8 0 0]
 [4 5 0 7 0 8 0 9 6]
 [0 0 3 5 0 2 7 0 0]
 [7 0 0 0 0 0 0 0 5]
 [0 1 6 0 3 0 4 2 0]
 [0 0 0 0 0 0 0 0 0]]
Salida: 
[[3 4 5 8 7 1 2 6 9]
 [2 7 9 6 5 3 1 8 4]
 [8 6 1 4 2 9 5 3 7]
 [1 9 7 3 4 6 8 5 2]
 [4 5 2 7 1 8 3 9 6]
 [6 8 3 5 9 2 7 4 1]
 [7 3 8 2 6 4 9 1 5]
 [5 1 6 9 3 7 4 2 8]
 [9 2 4 1 8 5 6 7 3]]
Tiempo de ejecución: 11.43ms 
Instancia número 32
Entrada: 
[[7 0 0 0 0 4 0 0 1]
 [0 2 0 0 6 0 0 8 0]
 [0 0 1 5 0 0 2 0 0]
 [8 0 0 0 9 0 7 0 0]
 [0 5 0 3 0 7 0 2 0]
 [0 0 6 0 5 0 0 0 8]
 [0 0 8 0 0 9 1 0 0]
 [0 9 0 0 1 0 0 6 0]
 [5 0 0 8 0 0 0 0 3]]
Salida: 
[[7 8 5 9 2 4 6 3 1]
 [9 2 4 1 6 3 5 8 7]
 [6 3 1 5 7 8 2 4 9]
 [8 4 3 6 9 2 7 1 5]
 [1 5 9 3 8 7 4 2 6]
 [2 7 6 4 5 1 3 9 8]
 [4 6 8 7 3 9 1 5 2]
 [3 9 7 2 1 5 8 6 4]
 [5 1 2 8 4 6 9 7 3]]
Tiempo de ejecución: 10.55ms 
Instancia número 33
Entrada: 
[[0 0 0 0 0 0 0 8 5]
 [0 0 0 2 1 0 0 0 9]
 [9 6 0 0 8 0 1 0 0]
 [5 0 0 8 0 0 0 1 6]
 [0 0 0 0 0 0 0 0 0]
 [8 9 0 0 0 6 0 0 7]
 [0 0 9 0 7 0 0 5 2]
 [3 0 0 0 5 4 0 0 0]
 [4 8 0 0 0 0 0 0 0]]
Salida: 
[[1 3 2 6 4 9 7 8 5]
 [7 5 8 2 1 3 6 4 9]
 [9 6 4 7 8 5 1 2 3]
 [5 4 3 8 9 7 2 1 6]
 [2 7 6 5 3 1 8 9 4]
 [8 9 1 4 2 6 5 3 7]
 [6 1 9 3 7 8 4 5 2]
 [3 2 7 1 5 4 9 6 8]
 [4 8 5 9 6 2 3 7 1]]
Tiempo de ejecución: 10.11ms 
Instancia número 34
Entrada: 
[[0 0 0 0 0 3 0 1 7]
 [0 1 5 0 0 9 0 0 8]
 [0 6 0 0 0 0 0 0 0]
 [1 0 0 0 0 7 0 0 0]
 [0 0 9 0 0 0 2 0 0]
 [0 0 0 5 0 0 0 0 4]
 [0 0 0 0 0 0 0 2 0]
 [5 0 0 6 0 0 3 4 0]
 [3 4 0 2 0 0 0 0 0]]
Salida: 
[[2 9 4 8 6 3 5 1 7]
 [7 1 5 4 2 9 6 3 8]
 [8 6 3 7 5 1 4 9 2]
 [1 5 2 9 4 7 8 6 3]
 [4 7 9 3 8 6 2 5 1]
 [6 3 8 5 1 2 9 7 4]
 [9 8 6 1 3 4 7 2 5]
 [5 2 1 6 7 8 3 4 9]
 [3 4 7 2 9 5 1 8 6]]
Tiempo de ejecución: 13.66ms 
Instancia número 35
Entrada: 
[[3 8 0 0 0 0 0 0 0]
 [0 0 0 4 0 0 7 8 5]
 [0 0 9 0 2 0 3 0 0]
 [0 6 0 0 9 0 0 0 0]
 [8 0 0 3 0 2 0 0 9]
 [0 0 0 0 4 0 0 7 0]
 [0 0 1 0 7 0 5 0 0]
 [4 9 5 0 0 6 0 0 0]
 [0 0 0 0 0 0 0 9 2]]
Salida: 
[[3 8 4 5 6 7 9 2 1]
 [1 2 6 4 3 9 7 8 5]
 [7 5 9 8 2 1 3 4 6]
 [5 6 3 7 9 8 2 1 4]
 [8 4 7 3 1 2 6 5 9]
 [9 1 2 6 4 5 8 7 3]
 [2 3 1 9 7 4 5 6 8]
 [4 9 5 2 8 6 1 3 7]
 [6 7 8 1 5 3 4 9 2]]
Tiempo de ejecución: 11.8ms 
Instancia número 36
Entrada: 
[[0 0 0 7 0 0 8 0 0]
 [0 0 6 0 0 0 0 3 1]
 [0 4 0 0 0 2 0 0 0]
 [0 2 4 0 7 0 0 0 0]
 [0 1 0 0 3 0 0 8 0]
 [0 0 0 0 6 0 2 9 0]
 [0 0 0 8 0 0 0 7 0]
 [8 6 0 0 0 0 5 0 0]
 [0 0 2 0 0 6 0 0 0]]
Salida: 
[[1 5 9 7 4 3 8 6 2]
 [2 7 6 5 8 9 4 3 1]
 [3 4 8 6 1 2 7 5 9]
 [6 2 4 9 7 8 3 1 5]
 [9 1 7 2 3 5 6 8 4]
 [5 8 3 1 6 4 2 9 7]
 [4 3 5 8 2 1 9 7 6]
 [8 6 1 4 9 7 5 2 3]
 [7 9 2 3 5 6 1 4 8]]
Tiempo de ejecución: 26.79ms 
Instancia número 37
Entrada: 
[[0 0 0 0 5 9 0 2 0]
 [0 9 0 7 4 0 0 0 0]
 [4 0 6 0 0 1 9 0 8]
 [0 1 7 0 2 0 5 0 0]
 [8 0 0 0 0 5 7 0 2]
 [0 0 0 0 0 3 0 4 1]
 [5 8 0 6 0 0 0 0 0]
 [9 3 4 0 0 0 2 8 0]
 [0 6 1 0 0 2 0 0 0]]
Salida: 
[[1 7 3 8 5 9 6 2 4]
 [2 9 8 7 4 6 1 5 3]
 [4 5 6 2 3 1 9 7 8]
 [3 1 7 4 2 8 5 6 9]
 [8 4 9 1 6 5 7 3 2]
 [6 2 5 9 7 3 8 4 1]
 [5 8 2 6 9 4 3 1 7]
 [9 3 4 5 1 7 2 8 6]
 [7 6 1 3 8 2 4 9 5]]
Tiempo de ejecución: 19.17ms 
Instancia número 38
Entrada: 
[[9 0 7 5 0 1 8 2 0]
 [0 3 5 0 2 0 0 1 0]
 [0 1 8 0 0 6 0 0 3]
 [0 0 0 0 0 0 2 0 9]
 [0 9 0 6 5 2 0 0 1]
 [1 0 2 0 4 9 5 0 0]
 [3 8 6 4 0 0 0 0 0]
 [7 5 0 2 1 0 6 0 0]
 [4 0 0 0 0 0 0 8 0]]
Salida: 
[[9 4 7 5 3 1 8 2 6]
 [6 3 5 8 2 4 9 1 7]
 [2 1 8 7 9 6 4 5 3]
 [5 6 3 1 8 7 2 4 9]
 [8 9 4 6 5 2 3 7 1]
 [1 7 2 3 4 9 5 6 8]
 [3 8 6 4 7 5 1 9 2]
 [7 5 9 2 1 8 6 3 4]
 [4 2 1 9 6 3 7 8 5]]
Tiempo de ejecución: 18.64ms 
Instancia número 39
Entrada: 
[[7 0 3 1 0 8 4 5 9]
 [9 0 0 0 6 0 8 0 0]
 [0 0 0 0 0 0 0 0 0]
 [0 1 0 2 9 0 3 6 7]
 [0 7 5 0 0 3 0 0 8]
 [0 0 0 7 0 1 0 0 0]
 [0 0 2 0 7 0 0 1 5]
 [0 8 6 3 5 0 0 2 0]
 [0 0 0 0 1 0 0 0 0]]
Salida: 
[[7 6 3 1 2 8 4 5 9]
 [9 2 4 5 6 7 8 3 1]
 [8 5 1 9 3 4 2 7 6]
 [4 1 8 2 9 5 3 6 7]
 [2 7 5 6 4 3 1 9 8]
 [6 3 9 7 8 1 5 4 2]
 [3 4 2 8 7 6 9 1 5]
 [1 8 6 3 5 9 7 2 4]
 [5 9 7 4 1 2 6 8 3]]
Tiempo de ejecución: 18.59ms 
Instancia número 40
Entrada: 
[[0 0 0 0 6 0 0 0 5]
 [6 2 4 0 0 0 0 1 0]
 [0 0 1 0 0 0 3 0 0]
 [0 0 8 0 0 4 0 3 7]
 [0 0 9 1 0 0 5 0 0]
 [0 0 7 5 0 0 0 9 0]
 [0 8 2 4 7 0 0 0 0]
 [0 9 0 3 1 0 0 0 0]
 [0 0 0 0 2 9 0 5 3]]
Salida: 
[[8 7 3 9 6 1 4 2 5]
 [6 2 4 7 5 3 9 1 8]
 [9 5 1 2 4 8 3 7 6]
 [5 1 8 6 9 4 2 3 7]
 [2 6 9 1 3 7 5 8 4]
 [4 3 7 5 8 2 6 9 1]
 [3 8 2 4 7 5 1 6 9]
 [7 9 5 3 1 6 8 4 2]
 [1 4 6 8 2 9 7 5 3]]
Tiempo de ejecución: 17.22ms 
Instancia número 41
Entrada: 
[[1 0 0 8 4 3 0 0 0]
 [0 0 8 0 2 7 0 3 1]
 [6 0 0 0 0 0 0 0 0]
 [0 0 4 3 0 0 1 0 0]
 [5 3 7 9 0 0 0 8 0]
 [0 1 0 0 0 4 3 0 5]
 [4 9 0 0 3 0 0 7 0]
 [3 0 0 1 0 0 0 0 0]
 [0 0 0 4 0 5 0 1 0]]
Salida: 
[[1 7 2 8 4 3 6 5 9]
 [9 5 8 6 2 7 4 3 1]
 [6 4 3 5 1 9 7 2 8]
 [8 6 4 3 5 2 1 9 7]
 [5 3 7 9 6 1 2 8 4]
 [2 1 9 7 8 4 3 6 5]
 [4 9 1 2 3 8 5 7 6]
 [3 8 5 1 7 6 9 4 2]
 [7 2 6 4 9 5 8 1 3]]
Tiempo de ejecución: 13.19ms 
Instancia número 42
Entrada: 
[[8 0 6 0 0 0 0 5 2]
 [0 9 0 7 4 0 0 0 0]
 [0 7 2 6 5 8 0 3 4]
 [0 0 0 2 0 0 0 6 3]
 [9 0 3 1 6 0 0 0 7]
 [0 0 0 0 0 0 0 0 0]
 [0 0 0 5 0 0 6 0 0]
 [4 1 0 0 0 0 3 2 5]
 [5 0 7 0 0 0 0 0 8]]
Salida: 
[[8 4 6 9 1 3 7 5 2]
 [3 9 5 7 4 2 8 1 6]
 [1 7 2 6 5 8 9 3 4]
 [7 5 4 2 8 9 1 6 3]
 [9 8 3 1 6 5 2 4 7]
 [6 2 1 4 3 7 5 8 9]
 [2 3 8 5 9 4 6 7 1]
 [4 1 9 8 7 6 3 2 5]
 [5 6 7 3 2 1 4 9 8]]
Tiempo de ejecución: 11.83ms 
Instancia número 43
Entrada: 
[[0 0 0 8 1 5 4 0 0]
 [1 0 5 0 0 0 0 3 0]
 [0 0 0 0 0 4 0 0 1]
 [0 1 9 0 0 0 0 8 0]
 [0 6 0 4 0 0 0 0 0]
 [2 0 8 7 9 0 0 0 0]
 [0 0 1 0 0 0 0 4 3]
 [8 0 0 0 0 0 2 9 7]
 [0 0 6 0 0 2 0 0 0]]
Salida: 
[[6 7 3 8 1 5 4 2 9]
 [1 4 5 2 7 9 8 3 6]
 [9 8 2 6 3 4 5 7 1]
 [4 1 9 5 6 3 7 8 2]
 [3 6 7 4 2 8 9 1 5]
 [2 5 8 7 9 1 3 6 4]
 [5 2 1 9 8 7 6 4 3]
 [8 3 4 1 5 6 2 9 7]
 [7 9 6 3 4 2 1 5 8]]
Tiempo de ejecución: 11.72ms 
Instancia número 44
Entrada: 
[[7 9 0 0 0 0 0 0 3]
 [0 0 0 0 0 0 0 6 0]
 [8 0 1 0 0 4 0 0 2]
 [0 0 5 0 0 0 0 0 0]
 [3 0 0 1 0 0 0 0 0]
 [0 4 0 0 0 6 2 0 9]
 [2 0 0 0 3 0 0 0 6]
 [0 3 0 6 0 5 4 2 1]
 [0 0 0 0 0 0 0 0 0]]
Salida: 
[[7 9 2 5 6 8 1 4 3]
 [4 5 3 2 1 9 8 6 7]
 [8 6 1 3 7 4 9 5 2]
 [6 2 5 8 9 3 7 1 4]
 [3 7 9 1 4 2 6 8 5]
 [1 4 8 7 5 6 2 3 9]
 [2 8 4 9 3 1 5 7 6]
 [9 3 7 6 8 5 4 2 1]
 [5 1 6 4 2 7 3 9 8]]
Tiempo de ejecución: 11.98ms 
Instancia número 45
Entrada: 
[[1 0 0 0 0 7 0 9 0]
 [0 3 0 0 2 0 0 0 8]
 [0 0 9 6 0 0 5 0 0]
 [0 0 5 3 0 0 9 0 0]
 [0 1 0 0 8 0 0 0 2]
 [6 0 0 0 0 4 0 0 0]
 [3 0 0 0 0 0 0 1 0]
 [0 4 0 0 0 0 0 0 7]
 [0 0 7 0 0 0 3 0 0]]
Salida: 
[[1 6 2 8 5 7 4 9 3]
 [5 3 4 1 2 9 6 7 8]
 [7 8 9 6 4 3 5 2 1]
 [4 7 5 3 1 2 9 8 6]
 [9 1 3 5 8 6 7 4 2]
 [6 2 8 7 9 4 1 3 5]
 [3 5 6 4 7 8 2 1 9]
 [2 4 1 9 3 5 8 6 7]
 [8 9 7 2 6 1 3 5 4]]
Tiempo de ejecución: 42.16ms 
Instancia número 46
Entrada: 
[[7 9 0 0 0 0 0 0 3]
 [4 0 0 0 0 0 0 6 0]
 [8 0 1 0 0 4 0 0 2]
 [0 0 5 0 0 0 0 0 0]
 [3 0 0 1 0 0 0 0 0]
 [0 4 0 0 0 6 2 0 9]
 [2 0 0 0 3 0 5 0 6]
 [0 3 0 6 0 5 4 2 1]
 [0 0 0 0 0 0 3 0 0]]
Salida: 
[[7 9 2 5 6 8 1 4 3]
 [4 5 3 2 1 9 8 6 7]
 [8 6 1 3 7 4 9 5 2]
 [6 2 5 8 9 3 7 1 4]
 [3 7 9 1 4 2 6 8 5]
 [1 4 8 7 5 6 2 3 9]
 [2 8 4 9 3 1 5 7 6]
 [9 3 7 6 8 5 4 2 1]
 [5 1 6 4 2 7 3 9 8]]
Tiempo de ejecución: 98.86ms 
